2.947409577445659E-4 3.9956943657576405E-5 9.1931232294451E-6 0.0 7.792226478864697E-4 0.0 2.5673091359784683E-5 0.0 0.0015393619792963276 3.815364235384769E-4 1.5335695296157456E-4 2.0502790481467803E-4 
0.03369777686019164 0.0483684476310402 0.07757293249999969 0.0 0.01752791313839223 0.0 0.12327671633737969 0.0 0.011657208487147942 0.028224291955537835 0.06375271388544287 0.04755258211230827 
0.03340303590244707 0.048328490687382625 0.07756373937677025 0.0 0.01674869049050576 0.0 0.1232510432460199 0.0 0.010117846507851615 0.027842755531999358 0.0635993569324813 0.04734755420749359 
3.180167562890912E-4 4.196719861504494E-5 9.636196883822112E-6 0.0 8.47780780572932E-4 0.0 2.695899079316333E-5 0.0 0.0017012928522129045 5.26877947461965E-4 2.655753817894235E-4 0.0010371477619808278 
0.019703427257942885 0.04784197176412325 0.06692181749999959 0.0 0.01551259326676499 0.0 0.11336536947189502 0.0 0.010387259498864473 0.02888091831989363 0.06192836323445411 0.0495252451428658         
0.019385410501653794 0.0478000045655082 0.06691218130311577 0.0 0.014664812486192058 0.0 0.11333841048110185 0.0 0.008685966646651569 0.028354040372431666 0.061662787852664686 0.04848809738088497      
1.956862479013388E-5 8.558388416735063E-5 1.8188739376867602E-5 0.0 3.5647494435120386E-4 0.0 5.933604815866467E-5 0.0 0.0017640901665143538 1.226547774271225E-4 7.347324921114229E-5 8.50140793628995E-6 
0.10651357139321083 0.1593744740552958 0.20540062500000023 0.0 0.057497861887301216 0.0 0.14553971006911048 0.0 0.026246871300862118 0.052844295560965815 0.07546525393289083 0.06491500000000094
0.10653314001800096 0.15928889017112846 0.20538243626062336 0.0 0.05785433683165242 0.0 0.14548037402095182 0.0 0.028010961467376472 0.05296695033839294 0.07553872718210197 0.06490649859206465
0.00762939453125 0.0074462890625 0.007080078125 0.00634765625 0.0048828125 0.001953125 0.00390625 0.0 0.0 0.0 0.0 0.0 0.0074462890625 0.007080078125 0.00634765625 0.0048828125 0.001953125 0.00390625 0.0 0.0 0.0 0.0 0.0 0.0 0.007080078125 0.00634765625 0.0048828125 0.001953125 0.00390625 0.0 0.0 0.0 0.0 0.0 0.0 0.0 0.0074462890625 0.0 0.0 0.0 0.0 0.0 0.0 0.0 0.0 0.0 0.0 0.0
0.00782843999463756 0.007625851931290839 0.007405585505535051 0.006997899639527905 0.006355483514928872 0.004026807782490982 9.514572734614646E-5 0.005873874533371071 0.009175211776023984 0.015616718322379208 0.011838523724140071 0.06669371167256966 0.007874396869347322 0.007758763274545277 0.00766749586499027 0.009199634711977378 0.006913016924856574 0.006027281024767905 0.019807049543502098 0.04027170658884782 0.02810301102754509 0.021170046379758833 0.02272064231376425 0.06786655352075255 0.007837570396501015 0.009235023897190775 0.009419683209935581 0.007879416583251864 0.007450046317226455 0.022864202136207323 0.04521468536966933 0.08979252802818682 0.15345730369366373 0.29759927537004294 0.028007092299596748 2.220446049250313E-16 0.007951295614410547 0.0 0.0 0.0 0.0 0.0 0.0 0.0 0.0 0.0 0.0 0.0
1.9904546338755935E-4 1.7956286879083905E-4 3.2550738053505057E-4 6.502433895279047E-4 0.0014726710149288724 0.002073682782490982 0.0038111042726538535 0.005873874533371071 0.009175211776023984 0.015616718322379208 0.011838523724140071 0.06669371167256966 4.281078068473221E-4 6.786851495452773E-4 0.0013198396149902702 0.004316822211977378 0.004959891924856574 0.009933531024767905 0.019807049543502098 0.04027170658884782 0.02810301102754509 0.021170046379758833 0.02272064231376425 0.06786655352075255 7.574922715010146E-4 0.002887367647190775 0.004536870709935581 0.005926291583251864 0.011356296317226455 0.022864202136207323 0.04521468536966933 0.08979252802818682 0.15345730369366373 0.29759927537004294 0.028007092299596748 2.220446049250313E-16 5.050065519105473E-4 0.0 0.0 0.0 0.0 0.0 0.0 0.0 0.0 0.0 0.0 0.0  
0.007787911029844441 0.007761761517028454 0.00770785860803791 0.007596808301130853 0.007368153672602018 0.006897625577741318 0.005929954489530154 0.0039411310597334825 1.4374062215960492E-4 7.48561520836688E-4 1.351128138260549E-6 2.2997453649598043E-4 0.007766822857417921 0.007717244219422881 0.00761393629313023 0.0073987576372718244 0.0069507328321374295 0.006018216720368397 0.004077866016471754 4.144252848048424E-5 9.227812366854327E-4 3.400522476271206E-6 2.456472313774327E-4 2.7724964892783532E-6 0.0077246073172549945 0.007627153983539525 0.007421955646283784 0.00699030621126262 0.006083258646262468 0.00417945494050409 1.8872065669195415E-4 9.966598455146691E-4 7.149504870129775E-6 2.49129890897537E-4 1.456902161245388E-5 4.273263429266372E-5 0.007678698129069517 0.007523713489043349 0.007188777755496645 0.006464835180504336 0.00489942408928612 0.0015130090793409323 0.0016818312985484862 2.5822781362982994E-5 3.553628126218289E-4 2.3846730911714076E-5 5.6021747601331384E-5 1.9797220183193076E-6 0.007746475042750056 0.007673385979250824 0.007512121324498855 0.007163467401765544 0.006409541497046423 0.004778559092665224 0.0012486611984146023 0.0015443702698543227 1.8563801627013987E-5 3.2728241385759915E-4 2.4283473011088574E-5 1.2586891492305519E-5 0.007809355954416564 0.0 0.0 0.0 0.0 0.0 0.0 0.0 0.0 0.0 0.0 0.0
0.00778318917111509 0.007752673878902883 0.007693395633648903 0.007574841683456013 0.007343393863872727 0.006860658524040275 0.005885197622588878 0.00404820062212341 4.7472284019844935E-4 4.682663404580456E-4 4.0133272791509356E-4 0.0065563212334889265 0.0077644126808258385 0.0077186411710048475 0.007625348662714915 0.00739680594032377 0.006963030686152782 0.00610577399489598 0.003935865709922881 2.8867293325762766E-4 9.116352873212996E-4 1.3143425322725832E-4 0.005861650145518649 0.009695176527808824 0.007788461102803623 0.0075403497022141774 0.007695125405370096 0.006949853631212255 0.006085792757965391 0.0043723077239385955 5.181715854589708E-4 0.0024524396390588343 0.0024145522436744837 0.007668696441914369 0.006549813601189447 0.03420527014272534 0.007815407643172012 0.003125387157168591 0.006072821060894684 0.009712148106187701 0.006754626499738903 0.00469886041306089 0.008003890311578665 0.02236140226327521 0.04853856500756981 0.08322781275318603 0.023766120667861435 0.09275068230583106 0.00802190365651434 0.3276899927018213 0.1294546578483895 0.10209957716790585 0.20643568142588875 0.48847726785034284 0.17953570625117088 0.35189935566696207 0.23225357584775996 0.3816630878233567 0.43421372792976864 0.11097842148437453 0.017358089972005608 0.0 0.0 0.0 0.0 0.0 0.0 0.0 0.0 0.0 0.0 0.0
4.721858729350714E-6 9.087638125571118E-6 1.4462974389006789E-5 2.1966617674840094E-5 2.4759808729291066E-5 3.6967053701042474E-5 4.4756866941275675E-5 1.070695623899276E-4 3.309822180388444E-4 0.0012168278612947336 3.99981599776833E-4 0.006786295769984907 2.4101765920825358E-6 1.3969515819667322E-6 1.1412369584684612E-5 1.9516969480548596E-6 1.2297854015352883E-5 8.755727452758322E-5 1.4200030654887286E-4 3.301154617381119E-4 1.1145949364133045E-5 1.3483477570352953E-4 0.006107297376896081 0.009692404031319546 6.385378554862875E-5 8.680428132534779E-5 2.7316975908631136E-4 4.045258005036523E-5 2.5341117029231697E-6 1.9285278343450507E-4 3.2945092876701665E-4 0.0014557797935441652 0.002407402738804354 0.007917826332811906 0.006535244579576993 0.034248002777018005 1.3670951410249543E-4 0.004398326331874758 0.0011159566946019606 0.0032473129256833655 0.0018552024104527831 0.003185851333719958 0.006322059013030179 0.022387225044638193 0.04818320219494798 0.08325165948409774 0.023822142415462766 0.09275266202784938 2.754286137642836E-4 0.33536337868107213 0.13696677917288835 0.1092630445696714 0.21284522292293517 0.49325582694300807 0.18078436744958548 0.3534437259368164 0.23223501204613295 0.38199037023721427 0.43418944445675756 0.11099100837586684 0.009548734017589044 0.0 0.0 0.0 0.0 0.0 0.0 0.0 0.0 0.0 0.0 0.0
0.0 4.193460707168084E-4 2.6320773567811706E-4 3.039474679844556E-5 2.6330479251079897E-4 1.7852479731550464E-4 3.8016571887394823E-4 2.0896639697953745E-5 0.0 3.039474679844556E-5 1.2551034122532112E-4 1.1191997805304332E-5 2.589371491141246E-4 2.0896639697953745E-5 2.6320773567811706E-4 1.0724304547515828E-5 0.0 1.1191997805304332E-5 3.8016571887394823E-4 4.193460707168084E-4 1.2184074692700442E-4 1.0724304547515828E-5 1.2551034122532112E-4 1.7852479731550464E-4 0.0
0.0 0.049466592873373294 0.013307073657294666 0.1163246386718747 0.02365746545838182 0.08187846082740902 0.03333471968005863 0.11615439453124976 0.0 0.1163246386718747 0.024459274420499222 0.07175865234374995 0.013825590301951018 0.11615439453124976 0.01256460369823359 0.07753649414062497 0.0 0.07175865234374995 0.0807638003840454 0.011724625319541437 0.021842604860720205 0.07753649414062497 0.032185956021331785 0.13688076971063246 0.0
0.0 0.049047246802656486 0.013043865921616549 0.11629424392507626 0.023394160665871022 0.08169993603009351 0.032954553961184685 0.1161334978915518 0.0 0.11629424392507626 0.0243337640792739 0.07174746034594465 0.014084527451065143 0.1161334978915518 0.012301395962555473 0.07752576983607745 0.0 0.07174746034594465 0.08038363466517146 0.011305279248824629 0.0217207641137932 0.07752576983607745 0.032060445680106464 0.13670224491331695 0.0
0.001703382657328223 2.212354971639352E-4 7.139317794091493E-5 7.550393413380263E-6 0.0 4.065963079433743E-4 1.376359950506778E-4 7.550393413380263E-6 0.0 7.550393413380263E-6 1.261833705894222E-4 7.396344518628695E-6 0.0 7.550393413380263E-6 7.139317794091493E-5 1.4991738881919847E-5 0.0 7.396344518628695E-6 1.3763599505073332E-4 2.212354971639352E-4 1.2963608703142615E-4 1.4991738881919847E-5 1.261833705894222E-4 4.065963079434298E-4 0.001703382657328223
0.012346308978483933 0.02202443353988154 0.015497153930330666 0.12380703124999959 0.0 0.005421881332529466 0.07490621543747682 0.1488070312499996 0.0 0.12380703124999959 0.037316629184069194 0.10411079101562487 0.0 0.1488070312499995 0.07549660396216978 0.05819234130859363 0.0 0.10411079101562487 0.07334847192636036 0.037131002954270464 0.02150600801289948 0.05819234130859363 0.008410994785407466 0.030479998402310526 0.014062623973018606
0.01064292632115571 0.021803198042717603 0.015568547108271581 0.12379948085658621 0.0 0.005015285024586091 0.07476857944242614 0.14879948085658623 0.0 0.12379948085658621 0.03719044581347977 0.10410339467110624 0.0 0.14879948085658612 0.07542521078422887 0.05817734956971171 0.0 0.10410339467110624 0.07321083593130963 0.03690976745710653 0.021376371925868054 0.05817734956971171 0.008284811414818044 0.030073402094367097 0.012359241315690384
4.964624125320949E-4 3.32737748997336E-4 1.2724942456310284E-4 6.457031940076963E-5 1.8233182601079534E-5 1.0106936069620431E-5 1.8133038796275258E-5 8.60113846132271E-4 0.0 2.164865114908654E-4 2.89956078072251E-5 1.6818887111469394E-5 0.0 1.0106936069620431E-5 2.755462589441038E-4 0.0018660218888634228 1.0466594279656682E-4 1.628007398496445E-4 2.077580963028014E-5 1.6818887111469394E-5 1.8233182601079534E-5 0.0020134739141051128 2.6490069694096174E-4 5.706964256441127E-4 8.125021214366868E-5 1.628007398496445E-4 2.89956078072251E-5 6.457031940076963E-5 2.4181644763143773E-4 0.0018388306448046121 7.29508729339079E-5 1.4264258422458376E-4 1.6854902597951416E-5 1.691378071511096E-5 1.8318836703890007E-5 0.0010906201199111232 0.0 1.2273035923771047E-4 1.1789751564239559E-5 1.1155660138928436E-5 0.0 9.35851270700283E-6 0.0011595278865658143 0.0010030649656049828 2.684829930643673E-5 1.879716594788139E-5 4.2189251808766315E-6 3.600392130820307E-6 8.906417436227443E-6
0.01599712292965494 0.12634192949593337 0.07627147722837557 0.11687315665176873 0.1962300530847213 0.40056650281249895 0.09020737304386342 0.0030756516865060313 0.0 0.2117849257405261 0.2606710935102029 0.4019885220312489 0.0 0.4005665028123431 0.002379481857465393 0.1231959121984072 0.06292680909253778 0.14334332776919856 0.24410574101397725 0.4019885220312489 0.2453814152623926 0.013738131802295772 0.017049351541707614 0.035861390310997665 0.0627605933394787 0.1276918910411775 0.3033331450169511 0.12913877300525783 0.004559383912655313 0.062487044250317925 0.028029628507090454 0.053543282852256735 0.06681196814448842 0.15994871624999996 0.07283703154488852 0.004320875401470969 0.0 0.0845082226121141 0.12465609008842882 0.16011744484374996 0.0 0.16005170484374992 0.006352487249040473 0.04750073065877414 0.02491519225128891 0.04604477889616854 0.07262140266606598 0.16022043343749992 0.07586165340907924
0.015500660517122844 0.1266746672449307 0.07614422780381247 0.11680858633236796 0.19621181990212022 0.4005563958764293 0.09018924000506715 0.003935765532638302 0.0 0.21156843922903523 0.2606420979023957 0.40197170314413744 0.0 0.40055639587627345 0.0021039355985212893 0.12132989030954378 0.06282214314974122 0.14318052702934891 0.24408496520434697 0.40197170314413744 0.24536318207979152 0.01172465788819066 0.016784450844766652 0.03529069388535355 0.06267934312733503 0.12752909030132786 0.30330414940914385 0.12907420268585706 0.004317567465023875 0.06064821360551331 0.027956677634156546 0.05340064026803215 0.06679511324189047 0.15993180246928485 0.07281871270818463 0.0054114955213820926 0.0 0.08438549225287639 0.12464430033686458 0.16010628918361103 0.0 0.16004234633104292 0.005192959362474658 0.04850379562437912 0.024888343951982472 0.046025981730220655 0.0726171837408851 0.1602168330453691 0.07585274699164302
4.964624125320949E-4 3.32737748997336E-4 1.2724942456310284E-4 6.457031940076963E-5 1.8233182601079534E-5 1.0106936069620431E-5 1.8133038796275258E-5 8.60113846132271E-4 0.0 2.164865114908654E-4 2.89956078072251E-5 1.6818887111469394E-5 0.0 1.0106936069620431E-5 2.755462589441038E-4 0.0018660218888634228 1.0466594279656682E-4 1.628007398496445E-4 2.077580963028014E-5 1.6818887111469394E-5 1.8233182601079534E-5 0.0020134739141051128 2.6490069694096174E-4 5.706964256441127E-4 8.125021214366868E-5 1.628007398496445E-4 2.89956078072251E-5 6.457031940076963E-5 2.4181644763143773E-4 0.0018388306448046121 7.29508729339079E-5 1.4264258422458376E-4 1.6854902597951416E-5 1.691378071511096E-5 1.8318836703890007E-5 0.0010906201199111232 0.0 1.2273035923771047E-4 1.1789751564239559E-5 1.1155660138928436E-5 0.0 9.35851270700283E-6 0.0011595278865658143 0.0010030649656049828 2.684829930643673E-5 1.879716594788139E-5 4.2189251808766315E-6 3.600392130820307E-6 8.906417436227443E-6
0.025637849291585413 0.12509228265812822 0.07716257006491833 0.1323057753299829 0.22320091151324473 0.40056650281249895 0.1909213561249886 0.0031638055691886047 0.0 0.20964311560726046 0.35461299971412685 0.4019885220312489 0.0 0.40056650281249895 0.0023922706781940306 0.11984537017708707 0.06397194148281593 0.11734276133264959 0.2586665269564593 0.4019885220312489 0.12886460338301953 0.014278644375660954 0.02448399298825088 0.0371159650154963 0.08145977716221842 0.15828756321428006 0.26479779235476175 0.09406505947467086 0.005545847353507938 0.05300197220755032 0.025797471829620888 0.032683286322883975 0.08050910274913381 0.15994871624999996 0.09045441537386789 0.004815043224906113 0.0 0.08743424855790749 0.0806224399345874 0.16011744484374996 0.0 0.16005170484374992 0.006390647757737011 0.048645773051871566 0.02687057632990797 0.05685855866048006 0.10110897075761227 0.16022043343749992 0.0660199272515739
0.025141386879053318 0.12542502040712555 0.07703532064035523 0.13224120501058212 0.22318267833064365 0.4005563958764293 0.19090322308619231 0.004023919415320876 0.0 0.2094266290957696 0.35458400410631963 0.40197170314413744 0.0 0.4005563958764293 0.002116724419249927 0.11797934828822365 0.06386727554001936 0.11717996059279995 0.25864575114682903 0.40197170314413744 0.12884637020041845 0.012265170461555841 0.024219092291309918 0.03654526858985219 0.08137852695007475 0.1581247624744304 0.2647687967469545 0.0940004891552701 0.0053040309058765 0.051163141562745706 0.02572452095668698 0.03254064373865939 0.08049224784653586 0.15993180246928485 0.090436096537164 0.005905663344817236 0.0 0.08731151819866978 0.08061065018302316 0.16010628918361103 0.0 0.16004234633104292 0.005231119871171197 0.04964883801747655 0.026843728030601532 0.05683976149453218 0.1011047518324314 0.1602168330453691 0.06601102083413768
1.264869150197634E-4 2.099710287426504E-4 2.337254298918623E-4 6.810878470867032E-5 1.9719765594561345E-5 1.065788935994405E-5 1.9530521604527173E-5 7.113184456697397E-5 0.0 8.707278902758686E-4 0.0 1.7630009543356806E-5 0.0 1.065788935994405E-5 7.055959501759412E-4 0.001982031409127616 2.511742534191952E-4 1.7120694083505583E-4 2.488730027583319E-5 1.7630009543356806E-5 1.9719765594450323E-5 0.002161824575064364 4.331859973695784E-4 5.95891651427094E-4 1.1299597366126735E-4 1.7027881024714309E-4 3.3733079076836425E-5 6.829644493855369E-5 6.646325721544333E-4 0.0019524503268472104 1.3517598583223656E-4 1.557745504126018E-4 2.1569123022285863E-5 1.8208191888857694E-5 2.1573464754259808E-5 2.779107467535402E-4 0.0 7.728166191717234E-5 0.0 1.220319321287855E-5 0.0 1.0420518161469161E-5 4.951765331983604E-4 4.2955229800201167E-4 2.9928957174185644E-5 1.7937940549050957E-5 6.02099123539479E-6 4.415519485490016E-6 1.1167523475130725E-5
0.010044952137465313 0.10538299194068923 0.08179810640770113 0.11865631247250115 0.16556335344943907 0.3605114151562492 0.11506185547744252 0.005181970464239405 0.0 0.10049483295179384 0.0 0.36179251789062405 0.0 0.36051141503466644 0.00412828793415787 0.1913343503432397 0.07206987836223872 0.14557618472143558 0.2281123843223033 0.36179251789062405 0.15438117550633623 0.015210721988154652 0.022618878829539724 0.03929659683704839 0.0689268852621922 0.10617482782564754 0.2757330137559243 0.04866871405374382 0.006723238288821598 0.04079594246350232 0.023286858829361712 0.042633043606079446 0.07008200324493802 0.11961244874999988 0.04295207908957921 0.0043511836771723544 0.0 0.031360778329224015 0.0 0.11991878320312488 0.0 0.11985622945312485 0.0044794021826277675 0.03545479638928151 0.027824655397848008 0.04155425301144916 0.06113719991287617 0.12016256390624985 0.04982510484630434
0.010171439052485076 0.10517302091194658 0.08156438097780927 0.11858820368779248 0.1655436336838445 0.36050075726688924 0.115042324955838 0.005253102308806379 0.0 0.09962410506151798 0.0 0.3617748878810807 0.0 0.3605007571453065 0.003422691983981929 0.18935231893411208 0.07181870410881952 0.14540497778060052 0.22808749702202746 0.3617748878810807 0.15436145574074178 0.013048897413090288 0.022185692832170145 0.0387007051856213 0.06881388928853094 0.10600454901540039 0.27569928067684746 0.04860041760880526 0.006058605716667165 0.03884349213665511 0.023151682843529475 0.042477269055666844 0.07006043412191573 0.11959424055811102 0.04293050562482495 0.004629094423925895 0.0 0.03128349666730684 0.0 0.119906580009912 0.0 0.11984580893496338 0.003984225649429407 0.03588434868728352 0.027794726440673823 0.04153631507090011 0.06113117892164077 0.12015814838676436 0.04981393732282921