0.0 0.0 0.0 0.0 0.0 0.0 0.0 0.0 0.0 0.0 0.0 0.0
0.036382118995130074 0.047012378908106944 0.07757293249999969 0.0 0.021101488177410862 0.0 0.111011303976671 0.0 0.011519674726122697 0.02897928657119824 0.05471536082975345 0.045586697100554435
0.036382118995130074 0.047012378908106944 0.07757293249999969 0.0 0.021101488177410862 0.0 0.111011303976671 0.0 0.011519674726122697 0.02897928657119824 0.05471536082975345 0.045586697100554435
0.0 0.0 0.0 0.0 0.0 0.0 0.0 0.0 0.0 0.0 0.0 0.0 
0.03369062944195669 0.05118181981534248 0.06692181749999959 0.0 0.016379188692849295 0.0 0.11728395203199565 0.0 0.010447914382468018 0.030401565997005622 0.05696298739738209 0.04441123070889036
0.03369062944195669 0.05118181981534248 0.06692181749999959 0.0 0.016379188692849295 0.0 0.11728395203199565 0.0 0.010447914382468018 0.030401565997005622 0.05696298739738209 0.04441123070889036
0.0 0.0 0.0 0.0 0.0 0.0 0.0 0.0 0.0 0.0 0.0 0.0
0.07445481358104744 0.17377604636104937 0.20540062500000023 0.0 0.052276211890101454 0.0 0.15186130082901195 0.0 0.020810138309856008 0.05206092174549681 0.0816073902109784 0.06491500000000094
0.07445481358104744 0.17377604636104937 0.20540062500000023 0.0 0.052276211890101454 0.0 0.15186130082901195 0.0 0.020810138309856008 0.05206092174549681 0.0816073902109784 0.06491500000000094
0.0 0.0 0.0 0.0 0.0 0.0 0.0 0.0 0.0 0.0 0.0 0.0 0.0 0.0 0.0 0.0 0.0 0.0 0.0 0.0 0.0 0.0 0.0 0.0 0.0 0.0 0.0 0.0 0.0 0.0 0.0 0.0 0.0 0.0 0.0 0.0 0.0 0.0 0.0 0.0 0.0 0.0 0.0 0.0 0.0 0.0 0.0 0.0 
0.007814242885505251 0.0078129000845375 0.007813760849876061 0.007068891234548014 0.006025447695195085 0.0037966809213576536 7.28048954742766E-4 0.006249284820966983 0.01055841239856603 0.01928930938950213 0.04281933422866113 0.0680741818802908 0.007812894731428432 0.00781264321797659 0.007926519369178209 0.007542228980851773 0.007067318069915229 0.006372127156472507 0.019974978018703515 0.038617928037398164 0.07580860316104387 0.023062546015864438 0.03561835903317068 0.015596268808963254 0.007814041937262317 0.008242544019563702 0.03313348313804232 0.008310300595593567 0.0078569847480221 0.11176335670609383 0.05137874333128778 0.16752901259229835 0.17900118929927755 0.3036810330578592 0.10307938396637084 2.220446049250313E-16 0.008006015257037369 0.0 0.0 0.0 0.0 0.0 0.0 0.0 0.0 0.0 0.0 0.0
0.007814242885505251 0.0078129000845375 0.007813760849876061 0.007068891234548014 0.006025447695195085 0.0037966809213576536 7.28048954742766E-4 0.006249284820966983 0.01055841239856603 0.01928930938950213 0.04281933422866113 0.0680741818802908 0.007812894731428432 0.00781264321797659 0.007926519369178209 0.007542228980851773 0.007067318069915229 0.006372127156472507 0.019974978018703515 0.038617928037398164 0.07580860316104387 0.023062546015864438 0.03561835903317068 0.015596268808963254 0.007814041937262317 0.008242544019563702 0.03313348313804232 0.008310300595593567 0.0078569847480221 0.11176335670609383 0.05137874333128778 0.16752901259229835 0.17900118929927755 0.3036810330578592 0.10307938396637084 2.220446049250313E-16 0.008006015257037369 0.0 0.0 0.0 0.0 0.0 0.0 0.0 0.0 0.0 0.0 0.0
0.0 0.0 0.0 0.0 0.0 0.0 0.0 0.0 0.0 0.0 0.0 0.0 0.0 0.0 0.0 0.0 0.0 0.0 0.0 0.0 0.0 0.0 0.0 0.0 0.0 0.0 0.0 0.0 0.0 0.0 0.0 0.0 0.0 0.0 0.0 0.0 0.0 0.0 0.0 0.0 0.0 0.0 0.0 0.0 0.0 0.0 0.0 0.0 0.0 0.0 0.0 0.0 0.0 0.0 0.0 0.0 0.0 0.0 0.0 0.0 0.0 0.0 0.0 0.0 0.0 0.0 0.0 0.0 0.0 0.0 0.0 0.0
0.007784717446579492 0.007757326752887872 0.007699048819449716 0.00757648501596031 0.007312429038359047 0.0068470282396757565 0.0057000309194490395 0.0036075125850274503 6.703830109131559E-4 6.874776097329782E-4 0.003023997591212968 0.012301410555365155 0.007766189794042422 0.007712663315720292 0.007614699791186785 0.0073966591132768045 0.006911112229425642 0.005986410622859539 0.0041295883377676645 8.510139784367876E-4 1.8292105897366184E-4 0.0042183368066113225 0.008450067365115999 0.021402861355324765 0.007790814251408706 0.0077384574608314605 0.007406281773847168 0.006993605592842123 0.0062082164857550914 0.004299956741321553 5.56989474078895E-4 0.0010778502396311396 0.0030403697204688385 0.008360321175133745 0.01612463328676106 0.04150940627735955 0.007806400792986334 0.007643744682779285 0.0076259450300955045 0.006780058539637146 0.004711616888188663 0.006218982343024093 0.01033336171816579 0.019046623660915918 0.04859001642253746 0.02189455871323931 0.02795168269407533 0.04339992026429096 0.007809277532523362 0.36566609943719186 0.1833110023366844 0.2496008857798011 0.39897525014919233 0.27285295215576166 0.3294475586280121 0.2829820381816939 0.1228247056413907 0.3636718099428684 0.6326826100840031 0.11097842148437453 0.015024292938533357 0.0 0.0 0.0 0.0 0.0 0.0 0.0 0.0 0.0 0.0 0.0
0.007784717446579492 0.007757326752887872 0.007699048819449716 0.00757648501596031 0.007312429038359047 0.0068470282396757565 0.0057000309194490395 0.0036075125850274503 6.703830109131559E-4 6.874776097329782E-4 0.003023997591212968 0.012301410555365155 0.007766189794042422 0.007712663315720292 0.007614699791186785 0.0073966591132768045 0.006911112229425642 0.005986410622859539 0.0041295883377676645 8.510139784367876E-4 1.8292105897366184E-4 0.0042183368066113225 0.008450067365115999 0.021402861355324765 0.007790814251408706 0.0077384574608314605 0.007406281773847168 0.006993605592842123 0.0062082164857550914 0.004299956741321553 5.56989474078895E-4 0.0010778502396311396 0.0030403697204688385 0.008360321175133745 0.01612463328676106 0.04150940627735955 0.007806400792986334 0.007643744682779285 0.0076259450300955045 0.006780058539637146 0.004711616888188663 0.006218982343024093 0.01033336171816579 0.019046623660915918 0.04859001642253746 0.02189455871323931 0.02795168269407533 0.04339992026429096 0.007809277532523362 0.36566609943719186 0.1833110023366844 0.2496008857798011 0.39897525014919233 0.27285295215576166 0.3294475586280121 0.2829820381816939 0.1228247056413907 0.3636718099428684 0.6326826100840031 0.11097842148437453 0.015024292938533357 0.0 0.0 0.0 0.0 0.0 0.0 0.0 0.0 0.0 0.0 0.0
0.0 0.0 0.0 0.0 0.0 0.0 0.0 0.0 0.0 0.0 0.0 0.0 0.0 0.0 0.0 0.0 0.0 0.0 0.0 0.0 0.0 0.0 0.0 0.0 0.0 
0.0 0.05140304112808003 0.003861424962792348 0.1163246386718747 0.05285305480425445 0.12988848133468223 0.05030079069865906 0.11615439453124976 0.0 0.1163246386718747 0.0410870486261633 0.07175865234374995 0.06810353551706866 0.11615439453124976 0.03916363020393543 0.48279204878876875 0.0 0.07175865234374995 0.09586731470995963 0.02363278588066875 0.05036866049458488 0.07753649414062497 0.03688532211444939 0.14127561538296018 0.0
0.0 0.05140304112808003 0.003861424962792348 0.1163246386718747 0.05285305480425445 0.12988848133468223 0.05030079069865906 0.11615439453124976 0.0 0.1163246386718747 0.0410870486261633 0.07175865234374995 0.06810353551706866 0.11615439453124976 0.03916363020393543 0.48279204878876875 0.0 0.07175865234374995 0.09586731470995963 0.02363278588066875 0.05036866049458488 0.07753649414062497 0.03688532211444939 0.14127561538296018 0.0
0.0 0.0 0.0 0.0 0.0 0.0 0.0 0.0 0.0 0.0 0.0 0.0 0.0 0.0 0.0 0.0 0.0 0.0 0.0 0.0 0.0 0.0 0.0 0.0 0.0
0.014807219140922923 0.033746241911981445 0.06790585242226754 0.12380703124999959 0.0 0.0444018846449179 0.07800071213645238 0.1488070312499996 0.0 0.12380703124999959 0.00514119205064284 0.10411079101562487 0.0 0.1488070312499995 0.06822596955014029 0.05819234130859363 0.0 0.10411079101562487 0.10338290169493267 0.019453867003502046 0.032762717382532947 0.05819234130859363 0.012341435911075255 0.04734568040612866 0.007162234842556292
0.014807219140922923 0.033746241911981445 0.06790585242226754 0.12380703124999959 0.0 0.0444018846449179 0.07800071213645238 0.1488070312499996 0.0 0.12380703124999959 0.00514119205064284 0.10411079101562487 0.0 0.1488070312499995 0.06822596955014029 0.05819234130859363 0.0 0.10411079101562487 0.10338290169493267 0.019453867003502046 0.032762717382532947 0.05819234130859363 0.012341435911075255 0.04734568040612866 0.007162234842556292
0.0 0.0 0.0 0.0 0.0 0.0 0.0 0.0 0.0 0.0 0.0 0.0 0.0 0.0 0.0 0.0 0.0 0.0 0.0 0.0 0.0 0.0 0.0 0.0 0.0 0.0 0.0 0.0 0.0 0.0 0.0 0.0 0.0 0.0 0.0 0.0 0.0 0.0 0.0 0.0 0.0 0.0 0.0 0.0 0.0 0.0 0.0 0.0 0.0
0.010582096358525694 0.11521062739972654 0.06310564572862032 0.10620380033508431 0.14927144141232088 0.40056650281249895 0.14383654692540934 0.004454776714514552 0.0 0.17303717558596665 0.33198145826086783 0.4019885220312489 0.0 0.4005665027976266 0.0034098588992309553 0.11186728282322755 0.06205303786736738 0.1030967476608321 0.24794967786389316 0.4019885220312489 0.23088724923496107 0.013438628839254951 0.02394197507277973 0.0333551303979992 0.07725885005406685 0.16943813486518977 0.36010469281682045 0.12013920771693687 0.008073479156467278 0.046677404190447414 0.027360006477992305 0.03802262298576531 0.07081487424055344 0.15994871624999996 0.08456297436450033 0.005054589467081372 0.0 0.08265749972533898 0.10685661332986318 0.16011744484374996 0.0 0.16005170484374445 0.006757856009365182 0.0487252192296479 0.032662105730516755 0.05004527501610645 0.054563672268628904 0.16022043343749992 0.06238230826776059
0.010582096358525694 0.11521062739972654 0.06310564572862032 0.10620380033508431 0.14927144141232088 0.40056650281249895 0.14383654692540934 0.004454776714514552 0.0 0.17303717558596665 0.33198145826086783 0.4019885220312489 0.0 0.4005665027976266 0.0034098588992309553 0.11186728282322755 0.06205303786736738 0.1030967476608321 0.24794967786389316 0.4019885220312489 0.23088724923496107 0.013438628839254951 0.02394197507277973 0.0333551303979992 0.07725885005406685 0.16943813486518977 0.36010469281682045 0.12013920771693687 0.008073479156467278 0.046677404190447414 0.027360006477992305 0.03802262298576531 0.07081487424055344 0.15994871624999996 0.08456297436450033 0.005054589467081372 0.0 0.08265749972533898 0.10685661332986318 0.16011744484374996 0.0 0.16005170484374445 0.006757856009365182 0.0487252192296479 0.032662105730516755 0.05004527501610645 0.054563672268628904 0.16022043343749992 0.06238230826776059
0.0 0.0 0.0 0.0 0.0 0.0 0.0 0.0 0.0 0.0 0.0 0.0 0.0 0.0 0.0 0.0 0.0 0.0 0.0 0.0 0.0 0.0 0.0 0.0 0.0 0.0 0.0 0.0 0.0 0.0 0.0 0.0 0.0 0.0 0.0 0.0 0.0 0.0 0.0 0.0 0.0 0.0 0.0 0.0 0.0 0.0 0.0 0.0 0.0 
0.00429372299625197 0.12438068609308317 0.06643838104974187 0.10185120132587622 0.20062267421730476 0.40056650281249895 0.250834259272123 0.004560008583767594 0.0 0.12284485437692061 0.25382977493554415 0.4019885220312489 0.0 0.40056650281241635 0.001686709795925334 0.11267072997682492 0.049334484165053594 0.12447597248704484 0.25782255909946183 0.4019885220312489 0.010039617772888323 0.016283026559886893 0.024560625572777384 0.043254197712365605 0.0836957590470987 0.15555906078390497 0.28455411606670056 0.12178684718450955 0.006051270682463805 0.054260143093219804 0.02542465507188807 0.0492275712838357 0.08400239440383761 0.15994871624999996 0.09727112486447953 0.005174734742797393 0.0 0.08029293314030284 0.1252524800792879 0.16011744484374996 0.0 0.1600517048437494 0.005314803811685587 0.047907981241385844 0.029907113540082575 0.04665126158744137 0.06839171005050726 0.16022043343749992 0.09691561177208496
0.00429372299625197 0.12438068609308317 0.06643838104974187 0.10185120132587622 0.20062267421730476 0.40056650281249895 0.250834259272123 0.004560008583767594 0.0 0.12284485437692061 0.25382977493554415 0.4019885220312489 0.0 0.40056650281241635 0.001686709795925334 0.11267072997682492 0.049334484165053594 0.12447597248704484 0.25782255909946183 0.4019885220312489 0.010039617772888323 0.016283026559886893 0.024560625572777384 0.043254197712365605 0.0836957590470987 0.15555906078390497 0.28455411606670056 0.12178684718450955 0.006051270682463805 0.054260143093219804 0.02542465507188807 0.0492275712838357 0.08400239440383761 0.15994871624999996 0.09727112486447953 0.005174734742797393 0.0 0.08029293314030284 0.1252524800792879 0.16011744484374996 0.0 0.1600517048437494 0.005314803811685587 0.047907981241385844 0.029907113540082575 0.04665126158744137 0.06839171005050726 0.16022043343749992 0.09691561177208496
0.0 0.0 0.0 0.0 0.0 0.0 0.0 0.0 0.0 0.0 0.0 0.0 0.0 0.0 0.0 0.0 0.0 0.0 0.0 0.0 0.0 0.0 0.0 0.0 0.0 0.0 0.0 0.0 0.0 0.0 0.0 0.0 0.0 0.0 0.0 0.0 0.0 0.0 0.0 0.0 0.0 0.0 0.0 0.0 0.0 0.0 0.0 0.0 0.0 
0.007583692382982454 0.10974995520619202 0.09824608318290984 0.13293283005489168 0.17236116400574664 0.3605114151562492 0.20089194912231034 0.0040972590141685195 0.0 0.08776665484821683 0.0 0.36179251789062405 0.0 0.3605114151562492 0.0037347836823977687 0.09458036241473644 0.07764368588270104 0.1206451831803356 0.18902169041330807 0.36179251789062405 0.10928982712378521 0.014676291462014435 0.01871555836793848 0.031283135122496974 0.06666366687991979 0.08790995319720522 0.1681537459747835 0.03559307523196611 0.008791997998785273 0.04380850607664516 0.02487681006307435 0.04889240204092654 0.05880363784653275 0.11961244874999988 0.056635454495578746 0.0053934488588393 0.0 0.03101890800849355 0.0 0.11991878320312488 0.0 0.11985622945312485 0.004202493356598502 0.034128182330858126 0.025645752369636288 0.03627363580840576 0.051362850598431736 0.12016256390624985 0.04726638011589138
0.007583692382982454 0.10974995520619202 0.09824608318290984 0.13293283005489168 0.17236116400574664 0.3605114151562492 0.20089194912231034 0.0040972590141685195 0.0 0.08776665484821683 0.0 0.36179251789062405 0.0 0.3605114151562492 0.0037347836823977687 0.09458036241473644 0.07764368588270104 0.1206451831803356 0.18902169041330807 0.36179251789062405 0.10928982712378521 0.014676291462014435 0.01871555836793848 0.031283135122496974 0.06666366687991979 0.08790995319720522 0.1681537459747835 0.03559307523196611 0.008791997998785273 0.04380850607664516 0.02487681006307435 0.04889240204092654 0.05880363784653275 0.11961244874999988 0.056635454495578746 0.0053934488588393 0.0 0.03101890800849355 0.0 0.11991878320312488 0.0 0.11985622945312485 0.004202493356598502 0.034128182330858126 0.025645752369636288 0.03627363580840576 0.051362850598431736 0.12016256390624985 0.04726638011589138